0 COSMOS 1932 DEB
1 28275U 88019F   22335.28893622  .00000078  00000-0  15211-3 0  9993
2 28275  65.0422 166.6072 0057116 295.2559 239.9744 13.81944409952388
0 COSMOS 1247 DEB
1 28270U 81016L   22322.58807437  .00000777  00000-0  00000-0 0  9999
2 28270  66.7054  98.9358 6618441  14.2600 357.6520  2.02459338159654
0 COSMOS 1247 DEB
1 28269U 81016K   22328.63256069  .00000310  00000-0  00000+0 0  9990
2 28269  66.6543  99.0366 6620356  14.8943   3.2928  2.02442024148365
0 DELTA 1 DEB
1 28266U 68055L   22312.31295604  .00001815  00000-0  37969-2 0  9999
2 28266 120.6594  57.1488 1817135 142.7475 231.4455 10.72773855378728
0 SCOUT B DEB
1 28265U 66052E   22323.84074849  .00006024  00000-0  59151-2 0  9993
2 28265  40.8980  16.0826 2066196 266.2897  70.0818 10.52894194741444
0 SL-12 R/B(2)
1 28256U 04010F   22335.32405451  .00000011  00000-0  00000-0 0  9999
2 28256  12.1900  30.6960 0026905 345.9971  49.3915  1.00096550 67710
0 TAURUS R/B
1 28255U 04018B   22335.36391196  .00000184  00000-0  60223-4 0  9998
2 28255  99.1369 308.7115 0014025 212.9664 147.0654 14.50525510980516
0 ROCSAT 2
1 28254U 04018A   22335.80795892 -.00000070  00000-0 -19462-4 0  9992
2 28254  98.6565 335.7397 0002373   2.6651 171.0808 14.00682706947665
0 AMC-11 (GE-11)
1 28252U 04017A   22336.10401657  .00000072  00000-0  00000+0 0  9999
2 28252   0.0234 318.6975 0002835 300.4780  78.2072  1.00270790 67734
0 STARLINK-1783
1 46686U 20073S   22308.35417671  .00001492  00000-0  11900-3 0  9991
2 46686  53.0536 339.3725 0001807  50.3311 309.7837 15.06409377113313
0 STARLINK-1781
1 46685U 20073R   22307.38110042  .00002648  00000-0  19660-3 0  9999
2 46685  53.0547 343.7554 0001702  56.7548 303.3604 15.06402647112683
0 STARLINK-1780
1 46684U 20073Q   22308.32150537  .00003228  00000-0  23545-3 0  9998
2 46684  53.0556 324.5622 0001737  61.6254 298.4910 15.06406785113527
0 STARLINK-1776
1 46682U 20073N   22308.39936031  .00001202  00000-0  99583-4 0  9990
2 46682  53.0547 339.2177 0001492  74.1386 285.9768 15.06408112113434
0 STARLINK-1775
1 46681U 20073M   22307.51105451  .00000806  00000-0  72994-4 0  9992
2 46681  53.0553 343.1934 0002342  39.2506 320.8652 15.06403105112703
0 STARLINK-1774
1 46680U 20073L   22308.07131046  .00003401  00000-0  24699-3 0  9994
2 46680  53.0554 340.6830 0001705  51.4316 308.6825 15.06413528113276
0 STARLINK-1773
1 46679U 20073K   22307.40554598  .00001888  00000-0  14562-3 0  9994
2 46679  53.0540 308.6640 0002094  44.2831 315.8326 15.06408046113181
0 STARLINK-1766
1 46677U 20073H   22308.32887043  .00000648  00000-0  62392-4 0  9996
2 46677  53.0565 324.5226 0001965  57.2326 302.8852 15.06399306113528
0 STARLINK-1720
1 46675U 20073F   22307.47004591 -.00001543  00000-0 -84676-4 0  9994
2 46675  53.0549 328.3773 0002010  40.5102 319.6036 15.06414732112919
0 STARLINK-1718
1 46674U 20073E   22307.87182672  .00006615  00000-0  46246-3 0  9997
2 46674  53.0547 326.5723 0002334  35.1942 324.9201 15.06407952112977
0 STARLINK-1717
1 46673U 20073D   22308.35883159  .00004878  00000-0  34604-3 0  9992
2 46673  53.0545 339.5023 0001823  48.3195 311.7949 15.06410774113317
0 STARLINK-1716
1 46672U 20073C   22307.38158339  .00001803  00000-0  13993-3 0  9991
2 46672  53.0545 328.7878 0002125  44.0921 316.0238 15.06404792112906
0 TIROS 10
1  1430U 65051A   22308.33802807  .00000274  00000-0  98005-4 0  9990
2  1430  98.3874  63.0020 0057542  87.5634 273.2141 14.40438231  6114
0 THOR ABLESTAR R/B
1 01428U 65048B   22307.54515620  .00000052  00000-0  62498-4 0  9990
2 01428  89.8991 300.0498 0058440  57.4652  90.1030 13.52547120829984
0 THOR ABLESTAR DEB
1 01425U 65048C   22307.51010793  .00000063  00000-0  82757-4 0  9997
2 01425  89.8999 299.7046 0075616  77.6954  38.1380 13.48809398822251
0 ISIS 1
1 03669U 69009A   22307.49663043  .00000343  00000-0  23442-3 0  9995
2 03669  88.4096 290.1200 1711702  34.9408 335.2770 11.29585114210492
0 ERS 15
1 02412U 66077C   22307.83365445  .00000002  00000-0  00000-0 0  9999
2 02412  90.3026 262.1235 0010164 317.0225  42.9832  8.59074887276980
0 DIWATA 2B
1 43678U 18084H   22308.38844225  .00002175  00000-0  21782-3 0  9998
2 43678  97.9911  83.4849 0009993 176.8800 183.2493 14.92445287218728
0 ICUBE 1
1 39432U 13066S   22307.98377759  .00004360  00000-0  42368-3 0  9995
2 39432  97.4741 304.6131 0031251 154.8237 205.4515 14.92709863486723
0 ARCSAT-1
1 52161U 22033E   22307.69119781  .00004104  00000-0  18387-3 0  9990
2 52161  97.3787  26.3611 0008239 254.9143 105.1182 15.21771043 32843
0 CASSIOPE
1 39265U 13055A   22307.89484516  .00015363  00000-0  40558-3 0  9991
2 39265  80.9613 119.1740 0608564 264.0392  89.1163 14.41922344472401
